====================================================================================================
INFORME DE SURVEY DE CONFLUENCIAS Y JUNCTIONS (BLOQUE 4)
Fecha: 2026-09-11T19:56:03
Perfil: Taiga Canónica 64x64 | M=3 estaciones longitudinales
====================================================================================================
Seed   | ConfPos   | Upstreams | Quads | Tris | InvQuads | Crossed | Inverted | Gaps | Overlaps
----------------------------------------------------------------------------------------------------
12345  | (33,23)   | 1         | 3     | 0    | 0        | 0       | 3        | 0    | 0       
12345  | (44,19)   | 1         | 3     | 6    | 0        | 0       | 0        | 0    | 0       
101    | (22,20)   | 1         | 3     | 0    | 0        | 0       | 3        | 0    | 0       
202    | (40,29)   | 1         | 3     | 6    | 0        | 0       | 0        | 0    | 0       
202    | (22,46)   | 1         | 3     | 0    | 0        | 0       | 3        | 0    | 0       
303    | (35,41)   | 1         | 3     | 6    | 0        | 0       | 0        | 0    | 0       
404    | (21,16)   | 1         | 3     | 6    | 0        | 0       | 0        | 0    | 0       
505    | (30,31)   | 1         | 3     | 0    | 0        | 0       | 3        | 0    | 0       
777    | (10,32)   | 1         | 3     | 2    | 0        | 0       | 2        | 0    | 1       
777    | (11,41)   | 1         | 3     | 0    | 0        | 0       | 3        | 0    | 1       
999    | (38,30)   | 1         | 3     | 0    | 0        | 0       | 3        | 0    | 0       
----------------------------------------------------------------------------------------------------
RESUMEN GLOBAL:
Confluencias analizadas: 11
  - 2->1: 11
  - 3->1: 0
  - 4->1: 0
Total Quads evaluados:   33
Total Triángulos:        26
Quads Inválidos:         0
Bordes Cruzados:         0
Quads Invertidos:        20
Gaps detectados:         0
Solapamiento Ownership:  2
====================================================================================================